--- 
id: 586
imageable_id: 571
imageable_type: Page
image_file_name: page_571_page_436_imagen101.png
image_content_type: image/png
image_file_size: 135365
image_updated_at: 2014-02-28 21:33:51 Z
created_at: 2015-12-22 23:23:07.061596 Z
updated_at: 2015-12-22 23:23:07.216655 Z
