--- 
id: 353
imageable_id: 374
imageable_type: Page
image_file_name: page_374_Registro_de_Obras_Artsticas2.png
image_content_type: image/png
image_file_size: 244959
image_updated_at: 2017-03-15 02:51:11.583940 Z
created_at: 2013-06-12 18:15:13 Z
updated_at: 2017-03-15 02:51:15.913944 Z
