--- 
id: 602
imageable_id: 587
imageable_type: Page
image_file_name: page_587_page_439_liquidacion4.png
image_content_type: image/png
image_file_size: 126421
image_updated_at: 2014-04-02 15:07:20 Z
created_at: 2016-02-10 13:33:53.312547 Z
updated_at: 2016-02-10 13:33:53.434932 Z
