--- 
id: 647
imageable_id: 632
imageable_type: Page
image_file_name: page_632_page_1_ConSentencias_TrabajoV2.png
image_content_type: image/png
image_file_size: 458734
image_updated_at: 2017-02-27 20:59:37.491108 Z
created_at: 2017-02-27 20:59:39.778852 Z
updated_at: 2017-02-27 20:59:39.778852 Z
