--- 
id: 619
imageable_id: 604
imageable_type: Page
image_file_name: page_604_page_437_imagen111N.png
image_content_type: image/png
image_file_size: 96406
image_updated_at: 2016-03-03 18:30:44.743865 Z
created_at: 2016-03-03 18:30:47.389784 Z
updated_at: 2016-03-03 18:30:47.389784 Z
