--- 
id: 166
imageable_id: 180
imageable_type: Page
image_file_name: page_180_page1.png
image_content_type: image/png
image_file_size: 463451
image_updated_at: 2017-05-31 15:13:21.837525 Z
created_at: 2012-07-26 14:19:28 Z
updated_at: 2017-05-31 15:13:24.350422 Z
