--- 
id: 622
imageable_id: 607
imageable_type: Page
image_file_name: page_607_page_510_SinSentencias__MINREX.png
image_content_type: image/png
image_file_size: 474451
image_updated_at: 2015-06-04 21:21:28 Z
created_at: 2017-01-05 14:18:27.709322 Z
updated_at: 2017-01-05 14:18:28.087635 Z
