--- 
id: 337
imageable_id: 358
imageable_type: Page
image_file_name: page_358_MICI__PLANTILLAversion_FEBRER_2017_TERMINADO23.png
image_content_type: image/png
image_file_size: 257615
image_updated_at: 2017-03-12 18:34:17.102628 Z
created_at: 2013-06-11 15:27:33 Z
updated_at: 2017-03-12 18:34:20.927747 Z
