--- 
id: 627
imageable_id: 612
imageable_type: Page
image_file_name: page_612_page_519_Sinsentenias__Trabajo.png
image_content_type: image/png
image_file_size: 474808
image_updated_at: 2016-03-17 15:01:43.636055 Z
created_at: 2017-01-05 14:18:27.916052 Z
updated_at: 2017-01-05 14:18:28.200127 Z
