--- 
id: 658
imageable_id: 643
imageable_type: Page
image_file_name: page_643_page_266_remesas_de_dinero_1.png
image_content_type: image/png
image_file_size: 300381
image_updated_at: 2017-02-26 02:07:53.681639 Z
created_at: 2017-03-24 21:15:27.917907 Z
updated_at: 2017-03-24 21:15:28.034393 Z
