--- 
id: 95
imageable_id: 110
imageable_type: Page
image_file_name: page_110_Plantilla_MINSA_LOFPP_pag_2.png
image_content_type: image/png
image_file_size: 125928
image_updated_at: 2017-04-03 17:00:05.668581 Z
created_at: 2012-07-13 22:21:55 Z
updated_at: 2017-04-03 17:00:10.050770 Z
