--- 
id: 624
imageable_id: 609
imageable_type: Page
image_file_name: page_609_page_516_SinSentenciasAutoridades.png
image_content_type: image/png
image_file_size: 483638
image_updated_at: 2015-06-04 21:21:28 Z
created_at: 2017-01-05 14:18:27.788705 Z
updated_at: 2017-01-05 14:18:28.110698 Z
