--- 
id: 644
imageable_id: 629
imageable_type: Page
image_file_name: page_629_obras_literarias11.png
image_content_type: image/png
image_file_size: 243996
image_updated_at: 2017-02-28 03:11:48.954844 Z
created_at: 2017-02-27 02:55:30.427944 Z
updated_at: 2017-02-28 03:11:53.990185 Z
