--- 
id: 244
imageable_id: 267
imageable_type: Page
image_file_name: page_267_remesas_de_dinero_2.png
image_content_type: image/png
image_file_size: 148413
image_updated_at: 2017-03-13 23:48:27.258552 Z
created_at: 2013-04-23 20:37:59 Z
updated_at: 2017-03-13 23:48:30.562141 Z
