--- 
id: 342
imageable_id: 363
imageable_type: Page
image_file_name: page_363_obras_literarias02.png
image_content_type: image/png
image_file_size: 114652
image_updated_at: 2017-02-27 02:55:21.595169 Z
created_at: 2013-06-12 14:23:11 Z
updated_at: 2017-02-27 02:55:30.368376 Z
