--- 
id: 19
imageable_id: 30
imageable_type: Page
image_file_name: page_30_Plantilla_MINSA_REGNO_pag1.png
image_content_type: image/png
image_file_size: 152823
image_updated_at: 2017-03-14 02:43:56.801689 Z
created_at: 2012-04-14 18:24:49 Z
updated_at: 2017-03-14 02:43:58.918930 Z
