--- 
id: 606
imageable_id: 591
imageable_type: Page
image_file_name: page_591_page_257_nueva1.png
image_content_type: image/png
image_file_size: 200234
image_updated_at: 2016-03-03 17:11:28.973749 Z
created_at: 2016-02-26 17:01:23.771249 Z
updated_at: 2016-03-03 17:11:31.654166 Z
