--- 
id: 625
imageable_id: 610
imageable_type: Page
image_file_name: page_610_page_517_ConSentenciasAutoridadesOficio.png
image_content_type: image/png
image_file_size: 494529
image_updated_at: 2015-06-04 21:21:29 Z
created_at: 2017-01-05 14:18:27.827360 Z
updated_at: 2017-01-05 14:18:28.167413 Z
