--- 
id: 598
imageable_id: 583
imageable_type: Page
image_file_name: page_583_page_437_imagen111.png
image_content_type: image/png
image_file_size: 161127
image_updated_at: 2014-03-05 15:09:58 Z
created_at: 2016-02-10 13:33:53.265623 Z
updated_at: 2016-02-10 13:33:53.414484 Z
