--- 
id: 17
imageable_id: 28
imageable_type: Page
image_file_name: page_28_Plantilla_MINSA_LOFPP_pag_1.png
image_content_type: image/png
image_file_size: 164128
image_updated_at: 2017-04-03 17:00:04.956264 Z
created_at: 2012-04-14 15:29:28 Z
updated_at: 2017-04-03 17:00:10.040412 Z
