--- 
id: 654
imageable_id: 639
imageable_type: Page
image_file_name: page_639_page_328_MICI__PLANTILLAversion_FEBRER_2017_TERMINADO22.png
image_content_type: image/png
image_file_size: 192762
image_updated_at: 2017-02-26 20:47:41.122852 Z
created_at: 2017-03-09 15:23:35.333563 Z
updated_at: 2017-03-09 15:23:35.719487 Z
