--- 
id: 662
imageable_id: 647
imageable_type: Page
image_file_name: page_647_page_321_Plantilla_MINSA_REGNO_pag2.png
image_content_type: image/png
image_file_size: 184947
image_updated_at: 2017-03-14 02:43:57.072879 Z
created_at: 2017-03-25 14:54:09.211729 Z
updated_at: 2017-03-25 14:54:09.334632 Z
