--- 
id: 607
imageable_id: 592
imageable_type: Page
image_file_name: page_592_page_258_imagen2.png
image_content_type: image/png
image_file_size: 163905
image_updated_at: 2014-03-04 20:35:48 Z
created_at: 2016-02-26 17:01:23.784450 Z
updated_at: 2016-02-26 17:01:24.005996 Z
