--- 
id: 604
imageable_id: 589
imageable_type: Page
image_file_name: page_589_page_583_page_437_imagen111.png
image_content_type: image/png
image_file_size: 161127
image_updated_at: 2016-02-26 17:47:29.096176 Z
created_at: 2016-02-25 20:32:32.330366 Z
updated_at: 2016-02-26 17:47:31.892496 Z
