--- 
id: 640
imageable_id: 625
imageable_type: Page
image_file_name: page_625_page_30_oferentes1.png
image_content_type: image/png
image_file_size: 179522
image_updated_at: 2013-07-22 14:14:26 Z
created_at: 2017-02-26 23:46:08.677090 Z
updated_at: 2017-02-26 23:46:08.872238 Z
