--- 
id: 628
imageable_id: 613
imageable_type: Page
image_file_name: page_613_page_520_ConSentencias__Trabajo.png
image_content_type: image/png
image_file_size: 458734
image_updated_at: 2015-06-04 21:21:29 Z
created_at: 2017-01-05 14:18:27.957011 Z
updated_at: 2017-01-05 14:18:28.216518 Z
