--- 
id: 665
imageable_id: 650
imageable_type: Page
image_file_name: page_650_page_347_MICI__PLANTILLAversion_FEBRER_2017_TERMINADO23.png
image_content_type: image/png
image_file_size: 267922
image_updated_at: 2017-03-13 20:18:17.472148 Z
created_at: 2017-03-29 17:26:22.397659 Z
updated_at: 2017-03-29 17:26:22.569357 Z
