--- 
id: 650
imageable_id: 635
imageable_type: Page
image_file_name: page_635_MINSA_LOFPP_pag_4.png
image_content_type: image/png
image_file_size: 98813
image_updated_at: 2017-03-14 16:49:23.566728 Z
created_at: 2017-03-01 03:21:21.871357 Z
updated_at: 2017-03-14 16:49:26.099334 Z
