--- 
id: 634
imageable_id: 619
imageable_type: Page
image_file_name: page_619_page_333_1.png
image_content_type: image/png
image_file_size: 135247
image_updated_at: 2013-07-19 13:32:02 Z
created_at: 2017-02-23 00:06:54.325092 Z
updated_at: 2017-02-23 00:06:54.448762 Z
