--- 
id: 633
imageable_id: 618
imageable_type: Page
image_file_name: page_618_page_614_Sinsentenias__Trabajo.png
image_content_type: image/png
image_file_size: 474808
image_updated_at: 2017-01-09 14:58:26.060005 Z
created_at: 2017-02-22 23:47:42.248780 Z
updated_at: 2017-02-22 23:47:42.380606 Z
