--- 
id: 642
imageable_id: 627
imageable_type: Page
image_file_name: page_627_obras_literarias09.png
image_content_type: image/png
image_file_size: 95920
image_updated_at: 2017-02-27 02:55:24.617874 Z
created_at: 2017-02-27 02:55:30.419323 Z
updated_at: 2017-02-27 02:55:30.419323 Z
