--- 
id: 593
imageable_id: 578
imageable_type: Page
image_file_name: page_578_page_257_nueva1.png
image_content_type: image/png
image_file_size: 177435
image_updated_at: 2015-08-12 18:46:59 Z
created_at: 2016-02-10 13:33:53.193052 Z
updated_at: 2016-02-10 13:33:53.401334 Z
