--- 
id: 2
imageable_id: 2
imageable_type: Page
image_file_name: page_2_page_1_Sertracen.png
image_content_type: image/png
image_file_size: 6802
image_updated_at: 2016-10-19 14:28:06.816081 Z
created_at: 2016-12-23 19:39:46.753505 Z
updated_at: 2016-12-23 19:39:46.887922 Z
