--- 
id: 313
imageable_id: 334
imageable_type: Page
image_file_name: page_334_2.png
image_content_type: image/png
image_file_size: 100069
image_updated_at: 2017-02-26 22:40:00.420173 Z
created_at: 2013-06-06 16:53:56 Z
updated_at: 2017-02-26 22:40:03.865763 Z
