--- 
id: 177
imageable_id: 194
imageable_type: Page
image_file_name: page_194_MICI__PLANTILLAversion_FEBRER_2017_TERMINADO21.png
image_content_type: image/png
image_file_size: 369104
image_updated_at: 2017-02-24 18:04:31.836944 Z
created_at: 2012-08-22 20:35:25 Z
updated_at: 2017-02-24 18:04:36.122327 Z
