--- 
id: 660
imageable_id: 645
imageable_type: Page
image_file_name: page_645_page_268_remesas_de_dinero_3.png
image_content_type: image/png
image_file_size: 271787
image_updated_at: 2017-03-13 22:53:14.661909 Z
created_at: 2017-03-24 21:15:27.960049 Z
updated_at: 2017-03-24 21:15:28.050446 Z
