--- 
id: 4
imageable_id: 4
imageable_type: Page
image_file_name: page_4_page_2_page_1_Sertracen.png
image_content_type: image/png
image_file_size: 6802
image_updated_at: 2016-10-19 14:28:06.816081 Z
created_at: 2017-01-24 13:05:41.972190 Z
updated_at: 2017-01-24 13:05:42.105726 Z
