--- 
id: 594
imageable_id: 579
imageable_type: Page
image_file_name: page_579_page_258_imagen2.png
image_content_type: image/png
image_file_size: 163905
image_updated_at: 2014-03-04 20:35:48 Z
created_at: 2016-02-10 13:33:53.206672 Z
updated_at: 2016-02-10 13:33:53.404674 Z
