--- 
id: 6
imageable_id: 6
imageable_type: Page
image_file_name: page_6_page_4_page_2_page_1_Sertracen.png
image_content_type: image/png
image_file_size: 6802
image_updated_at: 2016-10-19 14:28:06.816081 Z
created_at: 2017-03-24 14:47:03.296107 Z
updated_at: 2017-03-24 14:47:03.457471 Z
