--- 
id: 583
imageable_id: 568
imageable_type: Page
image_file_name: page_568_page_258_imagen2.png
image_content_type: image/png
image_file_size: 163905
image_updated_at: 2014-03-04 20:35:48 Z
created_at: 2015-12-22 23:23:07.025917 Z
updated_at: 2015-12-22 23:23:07.209045 Z
