--- 
id: 591
imageable_id: 576
imageable_type: Page
image_file_name: page_576_page_439_liquidacion4.png
image_content_type: image/png
image_file_size: 126421
image_updated_at: 2014-04-02 15:07:20 Z
created_at: 2015-12-22 23:23:07.124478 Z
updated_at: 2015-12-22 23:23:07.239000 Z
