--- 
id: 601
imageable_id: 586
imageable_type: Page
image_file_name: page_586_page_438_liquidacion3.png
image_content_type: image/png
image_file_size: 129011
image_updated_at: 2014-02-28 19:19:44 Z
created_at: 2016-02-10 13:33:53.300115 Z
updated_at: 2016-02-10 13:33:53.422706 Z
