--- 
id: 596
imageable_id: 581
imageable_type: Page
image_file_name: page_581_page_435_imagen99.png
image_content_type: image/png
image_file_size: 151430
image_updated_at: 2014-02-28 21:33:50 Z
created_at: 2016-02-10 13:33:53.235271 Z
updated_at: 2016-02-10 13:33:53.409502 Z
