--- 
id: 608
imageable_id: 593
imageable_type: Page
image_file_name: page_593_page_434_imagen8.png
image_content_type: image/png
image_file_size: 91956
image_updated_at: 2014-04-01 18:22:15 Z
created_at: 2016-02-26 17:01:23.806967 Z
updated_at: 2016-02-26 17:01:24.008728 Z
