--- 
id: 659
imageable_id: 644
imageable_type: Page
image_file_name: page_644_page_267_remesas_de_dinero_2.png
image_content_type: image/png
image_file_size: 148413
image_updated_at: 2017-03-13 23:48:27.258552 Z
created_at: 2017-03-24 21:15:27.938465 Z
updated_at: 2017-03-24 21:15:28.042579 Z
