--- 
id: 539
imageable_id: 519
imageable_type: Page
image_file_name: page_519_Sinsentenias__Trabajo.png
image_content_type: image/png
image_file_size: 474808
image_updated_at: 2016-03-17 15:01:43.636055 Z
created_at: 2014-11-17 16:32:53 Z
updated_at: 2016-03-17 15:01:44.517155 Z
