--- 
id: 599
imageable_id: 584
imageable_type: Page
image_file_name: page_584_page_269_liquidacion11.png
image_content_type: image/png
image_file_size: 184690
image_updated_at: 2015-10-23 19:29:04 Z
created_at: 2016-02-10 13:33:53.278339 Z
updated_at: 2016-02-10 13:33:53.417878 Z
