--- 
id: 3
imageable_id: 3
imageable_type: Page
image_file_name: page_3_page_2_page_1_Sertracen.png
image_content_type: image/png
image_file_size: 6802
image_updated_at: 2016-10-19 14:28:06.816081 Z
created_at: 2017-01-17 14:23:24.711562 Z
updated_at: 2017-01-17 14:23:24.990788 Z
