--- 
id: 645
imageable_id: 630
imageable_type: Page
image_file_name: page_630_page_1_SinSentencias_TrabajoV2.png
image_content_type: image/png
image_file_size: 474808
image_updated_at: 2017-02-27 15:11:06.388245 Z
created_at: 2017-02-27 12:54:54.503609 Z
updated_at: 2017-02-27 15:11:09.326842 Z
