--- 
id: 343
imageable_id: 364
imageable_type: Page
image_file_name: page_364_obras_literarias03.png
image_content_type: image/png
image_file_size: 115076
image_updated_at: 2017-02-27 02:55:22.192629 Z
created_at: 2013-06-12 14:34:32 Z
updated_at: 2017-02-27 02:55:30.376207 Z
