--- 
id: 338
imageable_id: 359
imageable_type: Page
image_file_name: page_359_obras_literarias01.png
image_content_type: image/png
image_file_size: 114738
image_updated_at: 2017-02-27 02:55:21.265719 Z
created_at: 2013-06-11 16:06:02 Z
updated_at: 2017-02-27 02:55:30.360261 Z
