--- 
id: 655
imageable_id: 640
imageable_type: Page
image_file_name: page_640_page_345_MICI__PLANTILLAversion_FEBRER_2017_TERMINADO21.png
image_content_type: image/png
image_file_size: 294301
image_updated_at: 2017-03-13 20:18:16.755917 Z
created_at: 2017-03-24 20:53:03.254146 Z
updated_at: 2017-03-24 20:53:03.416186 Z
