--- 
id: 597
imageable_id: 582
imageable_type: Page
image_file_name: page_582_page_436_imagen101.png
image_content_type: image/png
image_file_size: 135365
image_updated_at: 2014-02-28 21:33:51 Z
created_at: 2016-02-10 13:33:53.253176 Z
updated_at: 2016-02-10 13:33:53.412046 Z
