--- 
id: 611
imageable_id: 596
imageable_type: Page
image_file_name: page_596_page_436_imagen102N.png
image_content_type: image/png
image_file_size: 108172
image_updated_at: 2016-03-01 20:30:54.437841 Z
created_at: 2016-02-26 17:01:23.844617 Z
updated_at: 2016-03-01 20:30:57.510911 Z
