--- 
id: 340
imageable_id: 361
imageable_type: Page
image_file_name: page_361_print1.png
image_content_type: image/png
image_file_size: 193029
image_updated_at: 2017-02-25 16:37:06.420538 Z
created_at: 2013-06-11 18:14:46 Z
updated_at: 2017-02-25 16:37:09.994736 Z
