--- 
id: 610
imageable_id: 595
imageable_type: Page
image_file_name: page_595_page_436_imagen101N.png
image_content_type: image/png
image_file_size: 107854
image_updated_at: 2016-03-01 20:30:54.356092 Z
created_at: 2016-02-26 17:01:23.831737 Z
updated_at: 2016-03-01 20:30:57.442629 Z
