--- 
id: 615
imageable_id: 600
imageable_type: Page
image_file_name: page_600_page_447_liquidacion2.png
image_content_type: image/png
image_file_size: 75268
image_updated_at: 2014-04-16 13:56:31 Z
created_at: 2016-02-26 17:01:23.894828 Z
updated_at: 2016-02-26 17:01:24.026542 Z
